Lista [NO ORDENADA][1] ... # Elementos: 496
125 49 96 15 16 27 26 40 105 30 0 5 82 101 104 45 34 34 41 85 11 17 88 84 71 36 17 50 21 130 65 118 16 94 19 7 138 110 104 55 26 111 44 58 130 26 74 89 51 57 108 18 82 40 25 94 91 9 71 93 135 6 89 70 55 71 51 107 6 109 135 81 90 95 94 67 85 32 131 79 60 89 61 2 0 4 1 74 52 22 109 52 123 28 17 30 107 24 76 130 106 108 111 122 71 20 19 25 107 3 16 76 105 101 83 42 26 88 10 74 132 123 10 118 56 56 30 37 66 67 137 6 67 81 82 95 14 56 90 20 123 28 44 34 113 78 99 97 80 26 107 51 15 28 76 97 87 3 80 88 32 133 29 88 112 100 92 62 6 34 140 5 25 90 68 24 61 8 13 9 59 81 26 103 76 44 51 59 15 60 120 98 8 70 121 93 111 70 24 95 24 34 123 25 114 65 126 45 20 2 21 122 93 82 37 6 98 2 39 101 29 46 91 29 91 67 50 134 81 140 26 99 64 91 106 38 121 118 119 100 113 28 3 73 92 32 110 73 43 54 99 41 6 31 93 30 42 82 68 117 5 94 129 32 127 95 19 138 58 113 94 95 33 101 15 141 131 124 67 104 21 138 84 82 136 110 105 135 47 48 4 106 48 10 37 95 98 91 39 113 127 96 98 10 40 72 75 112 14 136 127 14 116 16 93 102 52 83 11 118 98 118 136 31 26 15 106 132 134 71 94 134 128 9 31 16 126 37 0 109 126 62 141 88 56 136 63 99 132 103 18 104 22 2 137 134 61 135 139 83 128 135 47 67 140 56 60 68 61 69 13 43 16 1 130 12 106 54 16 75 51 51 112 120 46 84 63 71 123 84 127 14 15 60 31 53 55 54 89 37 90 24 29 133 106 38 12 103 109 19 52 121 126 74 8 106 55 109 21 121 25 121 40 90 103 33 77 82 76 122 131 24 122 107 41 37 98 47 49 128 39 1 28 103 42 17 129 119 29 11 41 33 15 116 7 90 92 134 30 44 32 3 101 103 77 71 131 36 20 59 65 113 124 87 138 77 1 27 96 58 55 18 127 110 103 26 58 15 60 54 25 34 31 45 100 140 

Lista [NO ORDENADA][2] ... # Elementos: 495
215 271 262 192 252 252 229 182 226 201 225 157 194 256 247 225 259 220 249 215 215 275 268 220 148 186 149 159 261 248 241 204 171 199 171 281 155 213 283 254 210 163 184 194 170 149 160 281 195 223 152 210 207 195 237 154 154 192 184 251 187 189 261 244 171 178 284 180 256 164 189 259 203 264 261 261 185 244 175 157 266 173 160 250 209 156 159 219 233 262 210 258 192 225 204 193 200 209 248 239 168 198 261 193 150 144 181 204 182 226 252 176 183 169 166 147 255 277 276 281 247 245 148 275 180 221 241 256 276 256 269 213 240 239 282 167 179 182 255 225 226 190 167 231 183 184 174 172 284 233 198 198 159 228 171 247 187 209 178 281 146 180 216 155 183 199 258 265 240 202 175 249 162 264 240 223 164 212 239 183 275 222 283 165 279 147 152 203 175 187 213 200 145 187 280 165 265 210 198 205 247 154 211 150 199 142 244 273 177 246 276 174 284 239 271 197 155 221 209 193 252 229 236 280 165 268 172 154 227 196 198 222 203 277 168 217 191 242 207 237 279 265 178 218 257 168 260 204 163 220 208 229 195 159 271 184 282 158 192 164 244 235 160 213 278 263 238 183 241 206 235 169 196 173 174 237 202 260 199 283 210 149 174 146 263 159 216 232 186 206 169 183 216 211 257 156 196 262 184 164 189 273 249 187 269 267 187 180 154 169 171 176 222 208 175 209 282 156 192 230 229 184 206 178 231 251 154 259 166 188 256 189 157 155 143 247 279 268 234 161 154 235 234 203 275 190 228 177 241 218 268 220 257 216 151 272 258 243 282 193 232 277 148 263 168 232 218 148 144 210 223 216 247 257 192 162 152 242 273 179 193 240 254 149 274 142 161 263 151 257 182 152 223 206 143 230 214 161 203 168 241 229 178 147 269 281 256 212 248 239 159 265 158 211 249 188 281 264 279 183 223 268 172 253 226 252 192 181 188 282 222 186 229 237 211 283 238 172 247 202 248 176 262 203 176 284 176 159 234 203 260 253 192 165 166 172 273 181 178 156 257 174 194 167 270 276 256 281 204 213 275 270 240 254 282 150 237 262 244 199 164 159 281 264 227 177 212 220 173 281 214 212 176 143 213 

Lista [NO ORDENADA][3] ... # Elementos: 493
395 383 374 301 322 414 309 347 368 390 376 348 320 293 427 353 330 411 307 396 391 425 304 409 391 289 403 367 313 323 313 318 309 383 323 328 343 330 303 327 425 375 326 361 329 424 350 376 322 355 423 405 352 289 344 400 298 334 403 351 353 297 333 415 325 342 377 285 334 295 347 363 403 346 306 393 400 384 395 320 343 288 383 414 307 413 356 349 375 399 368 307 415 285 370 285 400 299 407 349 321 384 318 399 419 397 403 355 324 303 334 374 297 304 335 354 315 407 370 354 368 402 406 336 293 291 357 385 345 379 320 378 338 288 379 390 359 383 293 377 398 407 313 350 327 379 296 402 406 404 390 394 357 333 427 300 415 345 348 403 400 391 338 419 359 394 344 410 415 300 386 311 373 294 291 343 357 389 411 357 421 305 421 359 365 390 419 384 409 339 390 314 301 416 426 411 336 340 409 309 315 317 396 371 358 358 360 343 299 296 360 295 396 425 288 348 330 365 414 378 288 412 421 399 417 376 307 311 367 288 407 292 324 405 363 344 347 343 287 344 407 338 289 320 357 324 377 379 405 319 385 304 379 303 311 364 424 354 346 358 361 381 342 321 395 314 390 349 304 343 305 414 301 338 397 364 389 393 364 409 376 348 422 301 291 334 294 374 408 349 355 324 422 355 335 347 361 294 358 308 293 328 375 351 347 380 395 387 353 425 322 413 403 307 296 321 416 403 317 286 348 317 405 427 398 380 380 328 388 408 404 393 343 357 420 319 357 371 337 405 292 376 402 362 345 403 304 374 318 363 374 310 409 418 377 370 345 308 337 403 398 322 368 341 393 312 288 332 392 384 337 308 291 360 306 421 300 405 411 288 297 394 371 358 290 333 294 384 321 360 320 383 317 423 308 345 378 378 361 398 359 308 355 390 393 363 308 344 362 292 294 397 398 294 313 285 399 354 328 422 376 377 378 417 291 425 368 298 358 309 319 421 380 359 320 393 363 404 343 378 319 293 423 418 347 393 379 344 304 420 320 304 413 309 310 286 295 354 396 297 394 387 410 421 370 401 345 325 325 425 418 407 337 417 406 305 294 303 359 348 295 317 330 417 340 302 370 422 427 334 409 351 366 

Lista [NO ORDENADA][4] ... # Elementos: 538
565 543 491 448 498 521 500 472 460 439 562 449 482 498 472 569 552 514 436 515 551 539 504 493 486 448 492 508 493 514 487 484 450 450 467 554 567 552 433 564 522 525 501 488 509 525 483 456 493 429 520 470 547 507 568 501 429 461 523 442 535 458 544 502 534 493 476 456 443 487 495 549 484 554 480 562 488 486 449 433 481 514 512 485 538 438 457 503 470 522 503 486 478 464 489 484 433 559 443 517 434 461 565 440 493 509 537 432 457 539 461 473 441 463 546 562 506 514 445 522 496 470 515 536 475 440 536 506 569 431 563 526 536 507 493 455 497 527 536 460 546 441 555 470 544 451 469 565 527 506 435 489 489 513 509 505 435 538 450 537 535 562 477 446 519 433 519 485 464 513 537 562 549 531 523 435 444 539 535 569 542 509 458 470 429 526 486 528 464 448 458 453 451 567 519 461 472 510 480 487 527 534 492 519 488 466 556 548 471 434 484 537 550 521 477 468 546 501 492 467 456 466 548 460 498 489 519 464 429 528 554 472 512 563 458 556 474 507 534 468 521 508 549 446 520 508 433 453 509 545 517 530 536 535 447 524 437 430 446 432 563 495 526 551 528 437 479 475 447 481 518 526 448 515 511 511 548 480 515 495 473 491 555 490 452 452 558 568 439 556 553 436 535 434 569 561 542 484 435 543 508 560 472 531 564 433 565 436 446 532 555 446 549 491 443 451 496 449 536 561 567 451 464 469 532 519 521 542 555 490 469 487 462 544 546 538 436 453 474 555 431 433 567 542 453 560 433 545 487 528 512 542 560 516 457 483 428 440 484 431 457 547 455 559 439 530 450 514 504 548 460 569 435 488 514 495 546 490 510 438 498 557 546 543 561 566 557 509 451 462 514 439 442 440 490 460 478 457 476 436 444 502 460 512 542 538 437 482 487 554 547 436 538 473 558 483 558 457 444 460 569 567 551 500 528 483 508 472 536 563 508 495 570 559 561 439 470 532 477 464 568 559 554 480 475 519 515 561 441 515 503 556 454 525 560 470 547 487 566 528 501 463 539 540 546 519 431 447 539 464 465 529 465 515 485 563 566 554 559 546 554 542 502 557 570 531 491 537 521 484 525 474 487 566 442 473 562 526 553 553 442 442 465 431 495 496 550 432 438 560 538 544 448 434 430 548 493 450 535 543 485 509 537 432 456 538 549 513 431 556 544 455 443 505 511 490 537 458 

Lista [NO ORDENADA][5] ... # Elementos: 492
676 680 662 653 630 696 705 664 684 704 656 701 628 677 693 613 598 626 710 617 680 608 580 695 637 631 659 648 631 676 587 618 576 644 631 636 612 622 591 590 600 632 672 707 651 635 601 633 611 656 691 652 677 666 655 666 658 646 587 593 637 664 662 682 671 668 680 647 596 602 620 618 653 679 643 697 600 642 636 684 576 638 645 631 693 600 650 698 629 689 679 692 624 661 599 650 615 633 647 607 663 623 620 589 638 629 599 669 642 595 681 694 670 597 657 642 709 618 608 678 694 695 638 658 593 618 586 639 658 597 673 710 656 635 634 629 663 589 605 699 586 647 672 617 711 684 699 701 571 591 643 574 642 656 678 615 644 685 599 577 599 688 653 650 703 579 647 645 637 614 585 623 666 631 626 648 600 679 692 630 638 665 706 699 584 609 582 574 703 686 613 679 625 688 661 680 692 629 676 637 682 643 630 606 670 622 614 605 646 622 647 614 665 639 710 707 686 670 638 616 628 703 675 661 601 701 669 602 703 620 665 614 610 666 623 630 693 644 684 573 663 688 627 604 690 588 632 628 712 660 680 635 646 614 704 692 639 574 610 620 683 650 589 590 631 702 661 595 686 685 637 673 669 681 671 627 694 688 677 693 639 612 585 657 605 687 626 623 626 622 583 574 586 662 713 607 599 675 627 607 699 697 665 671 647 709 582 680 709 710 662 713 583 674 631 669 662 690 597 668 708 678 696 572 601 669 609 692 711 696 712 607 697 665 681 646 573 576 694 663 579 614 690 591 617 681 711 593 590 710 613 646 677 635 657 574 583 572 584 682 671 709 630 638 631 614 616 628 654 657 701 672 666 618 582 661 650 590 625 642 605 662 571 605 608 586 637 573 696 636 616 575 663 710 708 676 616 609 698 691 686 594 697 709 587 627 597 712 684 644 617 664 589 664 681 616 672 690 616 611 645 650 662 713 674 611 653 596 646 585 621 597 641 697 679 598 695 685 706 679 614 690 621 706 603 676 594 638 679 683 586 616 595 611 623 698 613 627 622 672 604 621 607 590 601 640 681 610 648 605 682 578 681 609 652 601 594 670 603 632 679 693 609 650 696 585 683 627 680 627 627 688 

Lista [NO ORDENADA][6] ... # Elementos: 511
727 849 805 734 819 853 815 768 791 812 836 760 754 850 831 730 764 746 846 730 799 762 773 718 788 851 832 718 739 742 752 728 734 745 758 734 745 799 761 779 794 853 822 794 750 808 733 814 748 804 739 744 782 790 853 730 831 772 719 799 736 831 796 764 759 723 789 719 754 728 774 742 784 722 775 810 731 756 817 763 841 842 841 840 747 732 724 813 749 736 780 763 852 769 809 754 830 841 746 761 817 803 846 787 760 835 851 795 764 753 774 721 824 806 738 807 763 723 768 765 849 807 803 796 714 846 773 819 826 836 738 807 807 828 796 737 815 735 756 847 740 783 795 803 808 761 781 780 744 745 829 762 785 846 840 824 746 746 825 716 793 815 827 825 795 756 809 755 720 770 714 800 793 836 840 848 822 844 854 798 785 795 716 806 742 720 809 844 827 719 780 741 758 831 741 850 737 818 777 830 850 846 714 740 741 743 776 818 760 753 721 848 830 797 815 740 772 794 717 836 734 807 780 715 801 796 776 732 833 722 741 803 856 753 787 775 757 839 822 814 769 818 767 843 845 753 802 733 822 772 827 720 855 759 782 805 841 722 781 793 842 827 790 814 765 854 786 804 847 720 845 723 846 755 727 768 797 846 845 774 837 730 802 723 828 767 786 751 762 752 736 820 803 762 783 799 821 792 830 751 719 797 724 772 739 759 856 826 788 799 836 780 818 811 757 730 848 780 793 851 847 726 776 759 818 760 783 718 780 763 796 760 717 833 751 788 836 787 772 759 716 736 803 790 855 740 720 802 801 728 811 722 759 790 773 731 748 769 757 780 747 780 810 800 830 807 753 850 793 774 770 820 769 833 765 714 842 777 775 737 830 718 807 834 722 821 769 714 750 797 754 769 822 800 746 775 821 849 803 774 716 733 714 849 766 762 846 824 732 797 720 785 746 845 772 786 755 719 754 853 736 854 843 747 793 825 828 807 740 766 742 755 787 777 829 726 842 745 812 839 832 760 738 718 814 856 778 838 832 737 757 754 753 774 831 769 780 801 734 758 754 768 780 852 776 762 773 795 765 722 815 831 728 849 745 734 855 753 761 854 830 736 719 824 854 757 802 844 800 774 808 806 730 844 818 828 742 856 755 846 784 847 763 793 829 815 782 751 730 781 754 

Lista [NO ORDENADA][7] ... # Elementos: 475
904 919 876 900 927 930 892 932 960 953 863 912 943 934 964 915 897 964 947 929 919 859 980 984 947 958 959 937 995 926 970 934 975 921 990 973 995 948 989 876 892 908 996 876 964 962 916 886 994 909 880 916 942 863 877 870 953 880 886 908 963 965 924 896 979 931 909 910 983 944 929 947 898 951 898 999 871 912 863 942 957 995 892 953 928 901 910 930 942 884 948 870 979 993 900 907 939 893 958 883 890 987 915 926 935 948 892 917 937 886 984 858 867 897 884 995 879 988 998 960 955 879 934 998 992 947 906 948 972 984 982 997 937 964 952 971 995 932 878 986 979 972 990 923 865 904 979 862 896 947 907 865 965 896 904 939 914 996 886 955 903 890 948 904 967 917 961 986 880 932 976 981 975 905 888 886 910 967 913 857 937 912 867 863 895 889 942 903 956 919 928 866 890 913 998 929 985 986 924 934 865 972 939 865 925 943 954 861 941 919 943 963 918 891 940 869 922 997 891 961 892 897 983 949 919 961 993 969 857 906 892 994 990 992 989 858 877 875 909 959 962 992 996 870 956 871 971 918 990 930 873 892 995 989 872 930 873 860 908 980 876 865 889 977 995 949 878 952 872 995 959 968 933 924 901 935 975 937 946 896 978 933 909 888 908 940 871 898 866 941 941 868 874 958 962 858 895 971 937 968 998 960 980 993 974 984 971 882 979 867 997 950 915 938 890 863 943 860 890 914 925 879 888 878 958 957 924 955 955 999 950 872 992 905 947 992 879 890 954 948 915 917 887 868 884 867 930 988 906 994 904 865 907 927 972 867 897 875 905 927 895 888 939 985 883 912 887 917 868 967 957 922 945 997 989 884 882 876 913 995 894 987 973 999 915 868 960 892 896 914 897 957 950 972 996 940 969 973 886 952 868 919 966 992 976 946 969 883 947 977 945 956 874 907 890 917 935 985 931 865 933 990 983 900 886 988 908 870 990 877 897 875 993 982 977 920 926 903 983 933 924 867 964 943 972 989 937 935 953 912 994 886 962 916 996 903 968 861 996 921 875 876 942 861 874 884 932 959 977 859 957 869 979 868 883 

Lista [SI ORDENADA][1] ... # Elementos: 496
0 0 0 1 1 1 1 2 2 2 2 3 3 3 3 4 4 5 5 5 6 6 6 6 6 6 7 7 8 8 8 9 9 9 10 10 10 10 11 11 11 12 12 13 13 14 14 14 14 15 15 15 15 15 15 15 15 16 16 16 16 16 16 16 17 17 17 17 18 18 18 19 19 19 19 20 20 20 20 21 21 21 21 22 22 24 24 24 24 24 24 25 25 25 25 25 25 26 26 26 26 26 26 26 26 26 27 27 28 28 28 28 28 29 29 29 29 29 30 30 30 30 30 31 31 31 31 31 32 32 32 32 32 33 33 33 34 34 34 34 34 34 36 36 37 37 37 37 37 37 38 38 39 39 39 40 40 40 40 41 41 41 41 42 42 42 43 43 44 44 44 44 45 45 45 46 46 47 47 47 48 48 49 49 50 50 51 51 51 51 51 51 52 52 52 52 53 54 54 54 54 55 55 55 55 55 56 56 56 56 56 57 58 58 58 58 59 59 59 60 60 60 60 60 61 61 61 61 62 62 63 63 64 65 65 65 66 67 67 67 67 67 67 68 68 68 69 70 70 70 71 71 71 71 71 71 71 72 73 73 74 74 74 74 75 75 76 76 76 76 76 77 77 77 78 79 80 80 81 81 81 81 82 82 82 82 82 82 82 83 83 83 84 84 84 84 85 85 87 87 88 88 88 88 88 89 89 89 89 90 90 90 90 90 90 91 91 91 91 91 92 92 92 93 93 93 93 93 94 94 94 94 94 94 95 95 95 95 95 95 96 96 96 97 97 98 98 98 98 98 98 99 99 99 99 100 100 100 101 101 101 101 101 102 103 103 103 103 103 103 103 104 104 104 104 105 105 105 106 106 106 106 106 106 106 107 107 107 107 107 108 108 109 109 109 109 109 110 110 110 110 111 111 111 112 112 112 113 113 113 113 113 114 116 116 117 118 118 118 118 118 119 119 120 120 121 121 121 121 121 122 122 122 122 123 123 123 123 123 124 124 125 126 126 126 126 127 127 127 127 127 128 128 128 129 129 130 130 130 130 131 131 131 131 132 132 132 133 133 134 134 134 134 134 135 135 135 135 135 136 136 136 136 137 137 138 138 138 138 139 140 140 140 140 141 141 

Lista [SI ORDENADA][2] ... # Elementos: 495
142 142 143 143 143 144 144 145 146 146 147 147 147 148 148 148 148 149 149 149 149 150 150 150 151 151 152 152 152 152 154 154 154 154 154 154 154 155 155 155 155 156 156 156 156 157 157 157 158 158 159 159 159 159 159 159 159 159 160 160 160 161 161 161 162 162 163 163 164 164 164 164 164 165 165 165 165 166 166 166 167 167 167 168 168 168 168 168 169 169 169 169 170 171 171 171 171 171 172 172 172 172 172 173 173 173 174 174 174 174 174 175 175 175 175 176 176 176 176 176 176 177 177 177 178 178 178 178 178 178 179 179 180 180 180 180 181 181 181 182 182 182 182 183 183 183 183 183 183 183 184 184 184 184 184 184 185 186 186 186 187 187 187 187 187 187 188 188 188 189 189 189 189 190 190 191 192 192 192 192 192 192 192 192 193 193 193 193 193 194 194 194 195 195 195 196 196 196 197 198 198 198 198 198 199 199 199 199 199 200 200 201 202 202 202 203 203 203 203 203 203 203 204 204 204 204 204 205 206 206 206 206 207 207 208 208 209 209 209 209 209 210 210 210 210 210 210 211 211 211 211 212 212 212 212 213 213 213 213 213 213 214 214 215 215 215 216 216 216 216 216 217 218 218 218 219 220 220 220 220 220 221 221 222 222 222 222 223 223 223 223 223 225 225 225 225 226 226 226 226 227 227 228 228 229 229 229 229 229 229 230 230 231 231 232 232 232 233 233 234 234 234 235 235 235 236 237 237 237 237 237 238 238 239 239 239 239 239 240 240 240 240 240 241 241 241 241 241 242 242 243 244 244 244 244 244 245 246 247 247 247 247 247 247 247 248 248 248 248 249 249 249 249 250 251 251 252 252 252 252 252 253 253 254 254 254 255 255 256 256 256 256 256 256 256 257 257 257 257 257 257 258 258 258 259 259 259 260 260 260 261 261 261 261 261 262 262 262 262 262 263 263 263 263 264 264 264 264 265 265 265 265 266 267 268 268 268 268 268 269 269 269 270 270 271 271 271 272 273 273 273 273 274 275 275 275 275 275 276 276 276 276 277 277 277 278 279 279 279 279 280 280 281 281 281 281 281 281 281 281 281 282 282 282 282 282 282 283 283 283 283 284 284 284 284 

Lista [SI ORDENADA][3] ... # Elementos: 493
285 285 285 285 286 286 287 288 288 288 288 288 288 288 289 289 289 290 291 291 291 291 291 292 292 292 293 293 293 293 293 294 294 294 294 294 294 294 295 295 295 295 296 296 296 297 297 297 297 298 298 299 299 300 300 300 301 301 301 301 302 303 303 303 303 304 304 304 304 304 304 304 305 305 305 306 306 307 307 307 307 307 308 308 308 308 308 308 309 309 309 309 309 310 310 311 311 311 312 313 313 313 313 314 314 315 315 317 317 317 317 317 318 318 318 319 319 319 319 320 320 320 320 320 320 320 321 321 321 321 322 322 322 322 323 323 324 324 324 324 325 325 325 326 327 327 328 328 328 328 329 330 330 330 330 332 333 333 333 334 334 334 334 334 335 335 336 336 337 337 337 337 338 338 338 338 339 340 340 341 342 342 343 343 343 343 343 343 343 343 344 344 344 344 344 344 345 345 345 345 345 345 346 346 347 347 347 347 347 347 348 348 348 348 348 348 349 349 349 349 350 350 351 351 351 352 353 353 353 354 354 354 354 354 355 355 355 355 355 356 357 357 357 357 357 357 357 358 358 358 358 358 358 359 359 359 359 359 359 360 360 360 360 361 361 361 361 362 362 363 363 363 363 363 364 364 364 365 365 366 367 367 368 368 368 368 368 370 370 370 370 370 371 371 371 373 374 374 374 374 374 375 375 375 376 376 376 376 376 376 377 377 377 377 377 378 378 378 378 378 378 379 379 379 379 379 379 380 380 380 380 381 383 383 383 383 383 384 384 384 384 384 385 385 386 387 387 388 389 389 390 390 390 390 390 390 390 391 391 391 392 393 393 393 393 393 393 393 394 394 394 394 395 395 395 395 396 396 396 396 397 397 397 398 398 398 398 398 399 399 399 399 400 400 400 400 401 402 402 402 403 403 403 403 403 403 403 403 403 404 404 404 405 405 405 405 405 405 406 406 406 407 407 407 407 407 407 408 408 409 409 409 409 409 409 410 410 411 411 411 411 412 413 413 413 414 414 414 414 415 415 415 415 416 416 417 417 417 417 418 418 418 419 419 419 420 420 421 421 421 421 421 421 422 422 422 422 423 423 423 424 424 425 425 425 425 425 425 426 427 427 427 427 

Lista [SI ORDENADA][4] ... # Elementos: 538
428 429 429 429 429 430 430 431 431 431 431 431 431 432 432 432 432 433 433 433 433 433 433 433 433 434 434 434 434 435 435 435 435 435 436 436 436 436 436 436 437 437 437 438 438 438 439 439 439 439 439 440 440 440 440 441 441 441 442 442 442 442 442 443 443 443 443 444 444 444 445 446 446 446 446 446 447 447 447 448 448 448 448 448 449 449 449 450 450 450 450 450 451 451 451 451 451 452 452 453 453 453 453 454 455 455 455 456 456 456 456 457 457 457 457 457 457 458 458 458 458 458 460 460 460 460 460 460 460 461 461 461 461 462 462 463 463 464 464 464 464 464 464 464 465 465 465 466 466 467 467 468 468 469 469 469 470 470 470 470 470 470 470 471 472 472 472 472 472 472 473 473 473 473 474 474 474 475 475 475 476 476 477 477 477 478 478 479 480 480 480 480 481 481 482 482 483 483 483 483 484 484 484 484 484 484 484 485 485 485 485 486 486 486 486 487 487 487 487 487 487 487 487 488 488 488 488 489 489 489 489 490 490 490 490 490 491 491 491 491 492 492 492 493 493 493 493 493 493 493 495 495 495 495 495 495 496 496 496 497 498 498 498 498 500 500 501 501 501 501 502 502 502 503 503 503 504 504 505 505 506 506 506 507 507 507 508 508 508 508 508 508 509 509 509 509 509 509 509 510 510 511 511 511 512 512 512 512 513 513 513 514 514 514 514 514 514 514 515 515 515 515 515 515 515 516 517 517 518 519 519 519 519 519 519 519 519 520 520 521 521 521 521 521 522 522 522 523 523 524 525 525 525 525 526 526 526 526 526 527 527 527 528 528 528 528 528 528 529 530 530 531 531 531 532 532 532 534 534 534 535 535 535 535 535 535 536 536 536 536 536 536 536 537 537 537 537 537 537 537 538 538 538 538 538 538 538 539 539 539 539 539 540 542 542 542 542 542 542 542 543 543 543 543 544 544 544 544 544 545 545 546 546 546 546 546 546 546 546 547 547 547 547 548 548 548 548 548 549 549 549 549 549 550 550 551 551 551 552 552 553 553 553 554 554 554 554 554 554 554 555 555 555 555 555 556 556 556 556 556 557 557 557 558 558 558 559 559 559 559 559 560 560 560 560 560 561 561 561 561 561 562 562 562 562 562 562 563 563 563 563 563 564 564 565 565 565 565 566 566 566 566 567 567 567 567 567 568 568 568 569 569 569 569 569 569 570 570 

Lista [SI ORDENADA][5] ... # Elementos: 492
571 571 572 572 573 573 573 574 574 574 574 574 575 576 576 576 577 578 579 579 580 582 582 582 583 583 583 584 584 585 585 585 585 586 586 586 586 586 587 587 587 588 589 589 589 589 590 590 590 590 590 591 591 591 593 593 593 594 594 594 595 595 595 596 596 597 597 597 597 597 598 598 599 599 599 599 599 600 600 600 600 601 601 601 601 601 602 602 603 603 604 604 605 605 605 605 605 605 606 607 607 607 607 607 608 608 608 609 609 609 609 609 610 610 610 611 611 611 611 612 612 613 613 613 613 614 614 614 614 614 614 614 614 615 615 616 616 616 616 616 616 616 617 617 617 617 618 618 618 618 618 620 620 620 620 621 621 621 622 622 622 622 622 623 623 623 623 623 624 625 625 626 626 626 626 627 627 627 627 627 627 627 627 628 628 628 628 629 629 629 629 630 630 630 630 630 631 631 631 631 631 631 631 631 632 632 632 633 633 634 635 635 635 635 636 636 636 637 637 637 637 637 637 638 638 638 638 638 638 638 639 639 639 639 640 641 642 642 642 642 642 643 643 643 644 644 644 644 645 645 645 646 646 646 646 646 646 647 647 647 647 647 647 648 648 648 650 650 650 650 650 650 650 651 652 652 653 653 653 653 654 655 656 656 656 656 657 657 657 657 658 658 658 659 660 661 661 661 661 661 662 662 662 662 662 662 662 663 663 663 663 663 664 664 664 664 665 665 665 665 665 666 666 666 666 666 668 668 669 669 669 669 669 670 670 670 670 671 671 671 671 672 672 672 672 672 673 673 674 674 675 675 676 676 676 676 676 677 677 677 677 678 678 678 679 679 679 679 679 679 679 679 680 680 680 680 680 680 680 681 681 681 681 681 681 681 682 682 682 682 683 683 683 684 684 684 684 684 685 685 685 686 686 686 686 687 688 688 688 688 688 689 690 690 690 690 690 691 691 692 692 692 692 692 693 693 693 693 693 694 694 694 694 695 695 695 696 696 696 696 696 697 697 697 697 697 698 698 698 699 699 699 699 701 701 701 701 702 703 703 703 703 704 704 705 706 706 706 707 707 708 708 709 709 709 709 709 710 710 710 710 710 710 711 711 711 712 712 712 713 713 713 

Lista [SI ORDENADA][6] ... # Elementos: 511
714 714 714 714 714 714 715 716 716 716 716 717 717 718 718 718 718 718 719 719 719 719 719 719 720 720 720 720 720 720 721 721 722 722 722 722 722 722 723 723 723 723 724 724 726 726 727 727 728 728 728 728 730 730 730 730 730 730 730 731 731 732 732 732 733 733 733 734 734 734 734 734 734 735 736 736 736 736 736 736 737 737 737 737 738 738 738 739 739 739 740 740 740 740 740 741 741 741 741 742 742 742 742 742 743 744 744 745 745 745 745 745 746 746 746 746 746 746 747 747 747 748 748 749 750 750 751 751 751 751 752 752 753 753 753 753 753 753 753 754 754 754 754 754 754 754 754 755 755 755 755 755 756 756 756 757 757 757 757 757 758 758 758 759 759 759 759 759 759 760 760 760 760 760 760 761 761 761 761 762 762 762 762 762 762 763 763 763 763 763 764 764 764 765 765 765 765 766 766 767 767 768 768 768 768 769 769 769 769 769 769 769 770 770 772 772 772 772 772 772 773 773 773 773 774 774 774 774 774 774 774 775 775 775 775 776 776 776 776 777 777 777 778 779 780 780 780 780 780 780 780 780 780 780 780 781 781 781 782 782 782 783 783 783 784 784 785 785 785 786 786 786 787 787 787 787 788 788 788 789 790 790 790 790 791 792 793 793 793 793 793 793 793 794 794 794 795 795 795 795 795 796 796 796 796 796 797 797 797 797 797 798 799 799 799 799 799 800 800 800 800 801 801 801 802 802 802 802 803 803 803 803 803 803 803 804 804 805 805 806 806 806 807 807 807 807 807 807 807 807 808 808 808 809 809 809 810 810 811 811 812 812 813 814 814 814 814 815 815 815 815 815 815 817 817 818 818 818 818 818 818 819 819 820 820 821 821 821 822 822 822 822 822 824 824 824 824 825 825 825 826 826 827 827 827 827 828 828 828 828 829 829 829 830 830 830 830 830 830 830 831 831 831 831 831 831 832 832 832 833 833 833 834 835 836 836 836 836 836 836 837 838 839 839 840 840 840 841 841 841 841 842 842 842 842 843 843 844 844 844 844 845 845 845 845 846 846 846 846 846 846 846 846 846 847 847 847 847 848 848 848 849 849 849 849 849 850 850 850 850 851 851 851 852 852 853 853 853 853 854 854 854 854 854 855 855 855 856 856 856 856 

Lista [SI ORDENADA][7] ... # Elementos: 475
857 857 858 858 858 859 859 860 860 861 861 861 862 863 863 863 863 863 865 865 865 865 865 865 865 866 866 867 867 867 867 867 867 868 868 868 868 868 868 869 869 870 870 870 870 871 871 871 872 872 872 873 873 874 874 874 875 875 875 875 876 876 876 876 876 876 877 877 877 878 878 878 879 879 879 879 880 880 880 882 882 883 883 883 883 884 884 884 884 884 886 886 886 886 886 886 886 886 887 887 888 888 888 888 889 889 890 890 890 890 890 890 890 891 891 892 892 892 892 892 892 892 892 893 894 895 895 895 896 896 896 896 896 897 897 897 897 897 897 898 898 898 900 900 900 901 901 903 903 903 903 904 904 904 904 904 905 905 905 906 906 906 907 907 907 907 908 908 908 908 908 909 909 909 909 910 910 910 912 912 912 912 912 913 913 913 914 914 914 915 915 915 915 915 916 916 916 917 917 917 917 917 918 918 919 919 919 919 919 919 920 921 921 922 922 923 924 924 924 924 924 925 925 926 926 926 927 927 927 928 928 929 929 929 930 930 930 930 930 931 931 932 932 932 932 933 933 933 933 934 934 934 934 935 935 935 935 937 937 937 937 937 937 937 938 939 939 939 939 940 940 940 941 941 941 942 942 942 942 942 943 943 943 943 943 944 945 945 946 946 947 947 947 947 947 947 947 948 948 948 948 948 948 949 949 950 950 950 951 952 952 952 953 953 953 953 954 954 955 955 955 955 956 956 956 957 957 957 957 957 958 958 958 958 959 959 959 959 960 960 960 960 961 961 961 962 962 962 962 963 963 964 964 964 964 964 965 965 966 967 967 967 968 968 968 969 969 969 970 971 971 971 971 972 972 972 972 972 972 973 973 973 974 975 975 975 976 976 977 977 977 977 978 979 979 979 979 979 979 980 980 980 981 982 982 983 983 983 983 984 984 984 984 985 985 985 986 986 986 987 987 988 988 988 989 989 989 989 989 990 990 990 990 990 990 992 992 992 992 992 992 993 993 993 993 994 994 994 994 995 995 995 995 995 995 995 995 995 996 996 996 996 996 996 997 997 997 997 998 998 998 998 999 999 999 

Lista [RESULTADO][0] ... # Elementos: 3500
0 0 0 1 1 1 1 2 2 2 2 3 3 3 3 4 4 5 5 5 6 6 6 6 6 6 7 7 8 8 8 9 9 9 10 10 10 10 11 11 11 12 12 13 13 14 14 14 14 15 15 15 15 15 15 15 15 16 16 16 16 16 16 16 17 17 17 17 18 18 18 19 19 19 19 20 20 20 20 21 21 21 21 22 22 24 24 24 24 24 24 25 25 25 25 25 25 26 26 26 26 26 26 26 26 26 27 27 28 28 28 28 28 29 29 29 29 29 30 30 30 30 30 31 31 31 31 31 32 32 32 32 32 33 33 33 34 34 34 34 34 34 36 36 37 37 37 37 37 37 38 38 39 39 39 40 40 40 40 41 41 41 41 42 42 42 43 43 44 44 44 44 45 45 45 46 46 47 47 47 48 48 49 49 50 50 51 51 51 51 51 51 52 52 52 52 53 54 54 54 54 55 55 55 55 55 56 56 56 56 56 57 58 58 58 58 59 59 59 60 60 60 60 60 61 61 61 61 62 62 63 63 64 65 65 65 66 67 67 67 67 67 67 68 68 68 69 70 70 70 71 71 71 71 71 71 71 72 73 73 74 74 74 74 75 75 76 76 76 76 76 77 77 77 78 79 80 80 81 81 81 81 82 82 82 82 82 82 82 83 83 83 84 84 84 84 85 85 87 87 88 88 88 88 88 89 89 89 89 90 90 90 90 90 90 91 91 91 91 91 92 92 92 93 93 93 93 93 94 94 94 94 94 94 95 95 95 95 95 95 96 96 96 97 97 98 98 98 98 98 98 99 99 99 99 100 100 100 101 101 101 101 101 102 103 103 103 103 103 103 103 104 104 104 104 105 105 105 106 106 106 106 106 106 106 107 107 107 107 107 108 108 109 109 109 109 109 110 110 110 110 111 111 111 112 112 112 113 113 113 113 113 114 116 116 117 118 118 118 118 118 119 119 120 120 121 121 121 121 121 122 122 122 122 123 123 123 123 123 124 124 125 126 126 126 126 127 127 127 127 127 128 128 128 129 129 130 130 130 130 131 131 131 131 132 132 132 133 133 134 134 134 134 134 135 135 135 135 135 136 136 136 136 137 137 138 138 138 138 139 140 140 140 140 141 141 142 142 143 143 143 144 144 145 146 146 147 147 147 148 148 148 148 149 149 149 149 150 150 150 151 151 152 152 152 152 154 154 154 154 154 154 154 155 155 155 155 156 156 156 156 157 157 157 158 158 159 159 159 159 159 159 159 159 160 160 160 161 161 161 162 162 163 163 164 164 164 164 164 165 165 165 165 166 166 166 167 167 167 168 168 168 168 168 169 169 169 169 170 171 171 171 171 171 172 172 172 172 172 173 173 173 174 174 174 174 174 175 175 175 175 176 176 176 176 176 176 177 177 177 178 178 178 178 178 178 179 179 180 180 180 180 181 181 181 182 182 182 182 183 183 183 183 183 183 183 184 184 184 184 184 184 185 186 186 186 187 187 187 187 187 187 188 188 188 189 189 189 189 190 190 191 192 192 192 192 192 192 192 192 193 193 193 193 193 194 194 194 195 195 195 196 196 196 197 198 198 198 198 198 199 199 199 199 199 200 200 201 202 202 202 203 203 203 203 203 203 203 204 204 204 204 204 205 206 206 206 206 207 207 208 208 209 209 209 209 209 210 210 210 210 210 210 211 211 211 211 212 212 212 212 213 213 213 213 213 213 214 214 215 215 215 216 216 216 216 216 217 218 218 218 219 220 220 220 220 220 221 221 222 222 222 222 223 223 223 223 223 225 225 225 225 226 226 226 226 227 227 228 228 229 229 229 229 229 229 230 230 231 231 232 232 232 233 233 234 234 234 235 235 235 236 237 237 237 237 237 238 238 239 239 239 239 239 240 240 240 240 240 241 241 241 241 241 242 242 243 244 244 244 244 244 245 246 247 247 247 247 247 247 247 248 248 248 248 249 249 249 249 250 251 251 252 252 252 252 252 253 253 254 254 254 255 255 256 256 256 256 256 256 256 257 257 257 257 257 257 258 258 258 259 259 259 260 260 260 261 261 261 261 261 262 262 262 262 262 263 263 263 263 264 264 264 264 265 265 265 265 266 267 268 268 268 268 268 269 269 269 270 270 271 271 271 272 273 273 273 273 274 275 275 275 275 275 276 276 276 276 277 277 277 278 279 279 279 279 280 280 281 281 281 281 281 281 281 281 281 282 282 282 282 282 282 283 283 283 283 284 284 284 284 285 285 285 285 286 286 287 288 288 288 288 288 288 288 289 289 289 290 291 291 291 291 291 292 292 292 293 293 293 293 293 294 294 294 294 294 294 294 295 295 295 295 296 296 296 297 297 297 297 298 298 299 299 300 300 300 301 301 301 301 302 303 303 303 303 304 304 304 304 304 304 304 305 305 305 306 306 307 307 307 307 307 308 308 308 308 308 308 309 309 309 309 309 310 310 311 311 311 312 313 313 313 313 314 314 315 315 317 317 317 317 317 318 318 318 319 319 319 319 320 320 320 320 320 320 320 321 321 321 321 322 322 322 322 323 323 324 324 324 324 325 325 325 326 327 327 328 328 328 328 329 330 330 330 330 332 333 333 333 334 334 334 334 334 335 335 336 336 337 337 337 337 338 338 338 338 339 340 340 341 342 342 343 343 343 343 343 343 343 343 344 344 344 344 344 344 345 345 345 345 345 345 346 346 347 347 347 347 347 347 348 348 348 348 348 348 349 349 349 349 350 350 351 351 351 352 353 353 353 354 354 354 354 354 355 355 355 355 355 356 357 357 357 357 357 357 357 358 358 358 358 358 358 359 359 359 359 359 359 360 360 360 360 361 361 361 361 362 362 363 363 363 363 363 364 364 364 365 365 366 367 367 368 368 368 368 368 370 370 370 370 370 371 371 371 373 374 374 374 374 374 375 375 375 376 376 376 376 376 376 377 377 377 377 377 378 378 378 378 378 378 379 379 379 379 379 379 380 380 380 380 381 383 383 383 383 383 384 384 384 384 384 385 385 386 387 387 388 389 389 390 390 390 390 390 390 390 391 391 391 392 393 393 393 393 393 393 393 394 394 394 394 395 395 395 395 396 396 396 396 397 397 397 398 398 398 398 398 399 399 399 399 400 400 400 400 401 402 402 402 403 403 403 403 403 403 403 403 403 404 404 404 405 405 405 405 405 405 406 406 406 407 407 407 407 407 407 408 408 409 409 409 409 409 409 410 410 411 411 411 411 412 413 413 413 414 414 414 414 415 415 415 415 416 416 417 417 417 417 418 418 418 419 419 419 420 420 421 421 421 421 421 421 422 422 422 422 423 423 423 424 424 425 425 425 425 425 425 426 427 427 427 427 428 429 429 429 429 430 430 431 431 431 431 431 431 432 432 432 432 433 433 433 433 433 433 433 433 434 434 434 434 435 435 435 435 435 436 436 436 436 436 436 437 437 437 438 438 438 439 439 439 439 439 440 440 440 440 441 441 441 442 442 442 442 442 443 443 443 443 444 444 444 445 446 446 446 446 446 447 447 447 448 448 448 448 448 449 449 449 450 450 450 450 450 451 451 451 451 451 452 452 453 453 453 453 454 455 455 455 456 456 456 456 457 457 457 457 457 457 458 458 458 458 458 460 460 460 460 460 460 460 461 461 461 461 462 462 463 463 464 464 464 464 464 464 464 465 465 465 466 466 467 467 468 468 469 469 469 470 470 470 470 470 470 470 471 472 472 472 472 472 472 473 473 473 473 474 474 474 475 475 475 476 476 477 477 477 478 478 479 480 480 480 480 481 481 482 482 483 483 483 483 484 484 484 484 484 484 484 485 485 485 485 486 486 486 486 487 487 487 487 487 487 487 487 488 488 488 488 489 489 489 489 490 490 490 490 490 491 491 491 491 492 492 492 493 493 493 493 493 493 493 495 495 495 495 495 495 496 496 496 497 498 498 498 498 500 500 501 501 501 501 502 502 502 503 503 503 504 504 505 505 506 506 506 507 507 507 508 508 508 508 508 508 509 509 509 509 509 509 509 510 510 511 511 511 512 512 512 512 513 513 513 514 514 514 514 514 514 514 515 515 515 515 515 515 515 516 517 517 518 519 519 519 519 519 519 519 519 520 520 521 521 521 521 521 522 522 522 523 523 524 525 525 525 525 526 526 526 526 526 527 527 527 528 528 528 528 528 528 529 530 530 531 531 531 532 532 532 534 534 534 535 535 535 535 535 535 536 536 536 536 536 536 536 537 537 537 537 537 537 537 538 538 538 538 538 538 538 539 539 539 539 539 540 542 542 542 542 542 542 542 543 543 543 543 544 544 544 544 544 545 545 546 546 546 546 546 546 546 546 547 547 547 547 548 548 548 548 548 549 549 549 549 549 550 550 551 551 551 552 552 553 553 553 554 554 554 554 554 554 554 555 555 555 555 555 556 556 556 556 556 557 557 557 558 558 558 559 559 559 559 559 560 560 560 560 560 561 561 561 561 561 562 562 562 562 562 562 563 563 563 563 563 564 564 565 565 565 565 566 566 566 566 567 567 567 567 567 568 568 568 569 569 569 569 569 569 570 570 571 571 572 572 573 573 573 574 574 574 574 574 575 576 576 576 577 578 579 579 580 582 582 582 583 583 583 584 584 585 585 585 585 586 586 586 586 586 587 587 587 588 589 589 589 589 590 590 590 590 590 591 591 591 593 593 593 594 594 594 595 595 595 596 596 597 597 597 597 597 598 598 599 599 599 599 599 600 600 600 600 601 601 601 601 601 602 602 603 603 604 604 605 605 605 605 605 605 606 607 607 607 607 607 608 608 608 609 609 609 609 609 610 610 610 611 611 611 611 612 612 613 613 613 613 614 614 614 614 614 614 614 614 615 615 616 616 616 616 616 616 616 617 617 617 617 618 618 618 618 618 620 620 620 620 621 621 621 622 622 622 622 622 623 623 623 623 623 624 625 625 626 626 626 626 627 627 627 627 627 627 627 627 628 628 628 628 629 629 629 629 630 630 630 630 630 631 631 631 631 631 631 631 631 632 632 632 633 633 634 635 635 635 635 636 636 636 637 637 637 637 637 637 638 638 638 638 638 638 638 639 639 639 639 640 641 642 642 642 642 642 643 643 643 644 644 644 644 645 645 645 646 646 646 646 646 646 647 647 647 647 647 647 648 648 648 650 650 650 650 650 650 650 651 652 652 653 653 653 653 654 655 656 656 656 656 657 657 657 657 658 658 658 659 660 661 661 661 661 661 662 662 662 662 662 662 662 663 663 663 663 663 664 664 664 664 665 665 665 665 665 666 666 666 666 666 668 668 669 669 669 669 669 670 670 670 670 671 671 671 671 672 672 672 672 672 673 673 674 674 675 675 676 676 676 676 676 677 677 677 677 678 678 678 679 679 679 679 679 679 679 679 680 680 680 680 680 680 680 681 681 681 681 681 681 681 682 682 682 682 683 683 683 684 684 684 684 684 685 685 685 686 686 686 686 687 688 688 688 688 688 689 690 690 690 690 690 691 691 692 692 692 692 692 693 693 693 693 693 694 694 694 694 695 695 695 696 696 696 696 696 697 697 697 697 697 698 698 698 699 699 699 699 701 701 701 701 702 703 703 703 703 704 704 705 706 706 706 707 707 708 708 709 709 709 709 709 710 710 710 710 710 710 711 711 711 712 712 712 713 713 713 714 714 714 714 714 714 715 716 716 716 716 717 717 718 718 718 718 718 719 719 719 719 719 719 720 720 720 720 720 720 721 721 722 722 722 722 722 722 723 723 723 723 724 724 726 726 727 727 728 728 728 728 730 730 730 730 730 730 730 731 731 732 732 732 733 733 733 734 734 734 734 734 734 735 736 736 736 736 736 736 737 737 737 737 738 738 738 739 739 739 740 740 740 740 740 741 741 741 741 742 742 742 742 742 743 744 744 745 745 745 745 745 746 746 746 746 746 746 747 747 747 748 748 749 750 750 751 751 751 751 752 752 753 753 753 753 753 753 753 754 754 754 754 754 754 754 754 755 755 755 755 755 756 756 756 757 757 757 757 757 758 758 758 759 759 759 759 759 759 760 760 760 760 760 760 761 761 761 761 762 762 762 762 762 762 763 763 763 763 763 764 764 764 765 765 765 765 766 766 767 767 768 768 768 768 769 769 769 769 769 769 769 770 770 772 772 772 772 772 772 773 773 773 773 774 774 774 774 774 774 774 775 775 775 775 776 776 776 776 777 777 777 778 779 780 780 780 780 780 780 780 780 780 780 780 781 781 781 782 782 782 783 783 783 784 784 785 785 785 786 786 786 787 787 787 787 788 788 788 789 790 790 790 790 791 792 793 793 793 793 793 793 793 794 794 794 795 795 795 795 795 796 796 796 796 796 797 797 797 797 797 798 799 799 799 799 799 800 800 800 800 801 801 801 802 802 802 802 803 803 803 803 803 803 803 804 804 805 805 806 806 806 807 807 807 807 807 807 807 807 808 808 808 809 809 809 810 810 811 811 812 812 813 814 814 814 814 815 815 815 815 815 815 817 817 818 818 818 818 818 818 819 819 820 820 821 821 821 822 822 822 822 822 824 824 824 824 825 825 825 826 826 827 827 827 827 828 828 828 828 829 829 829 830 830 830 830 830 830 830 831 831 831 831 831 831 832 832 832 833 833 833 834 835 836 836 836 836 836 836 837 838 839 839 840 840 840 841 841 841 841 842 842 842 842 843 843 844 844 844 844 845 845 845 845 846 846 846 846 846 846 846 846 846 847 847 847 847 848 848 848 849 849 849 849 849 850 850 850 850 851 851 851 852 852 853 853 853 853 854 854 854 854 854 855 855 855 856 856 856 856 857 857 858 858 858 859 859 860 860 861 861 861 862 863 863 863 863 863 865 865 865 865 865 865 865 866 866 867 867 867 867 867 867 868 868 868 868 868 868 869 869 870 870 870 870 871 871 871 872 872 872 873 873 874 874 874 875 875 875 875 876 876 876 876 876 876 877 877 877 878 878 878 879 879 879 879 880 880 880 882 882 883 883 883 883 884 884 884 884 884 886 886 886 886 886 886 886 886 887 887 888 888 888 888 889 889 890 890 890 890 890 890 890 891 891 892 892 892 892 892 892 892 892 893 894 895 895 895 896 896 896 896 896 897 897 897 897 897 897 898 898 898 900 900 900 901 901 903 903 903 903 904 904 904 904 904 905 905 905 906 906 906 907 907 907 907 908 908 908 908 908 909 909 909 909 910 910 910 912 912 912 912 912 913 913 913 914 914 914 915 915 915 915 915 916 916 916 917 917 917 917 917 918 918 919 919 919 919 919 919 920 921 921 922 922 923 924 924 924 924 924 925 925 926 926 926 927 927 927 928 928 929 929 929 930 930 930 930 930 931 931 932 932 932 932 933 933 933 933 934 934 934 934 935 935 935 935 937 937 937 937 937 937 937 938 939 939 939 939 940 940 940 941 941 941 942 942 942 942 942 943 943 943 943 943 944 945 945 946 946 947 947 947 947 947 947 947 948 948 948 948 948 948 949 949 950 950 950 951 952 952 952 953 953 953 953 954 954 955 955 955 955 956 956 956 957 957 957 957 957 958 958 958 958 959 959 959 959 960 960 960 960 961 961 961 962 962 962 962 963 963 964 964 964 964 964 965 965 966 967 967 967 968 968 968 969 969 969 970 971 971 971 971 972 972 972 972 972 972 973 973 973 974 975 975 975 976 976 977 977 977 977 978 979 979 979 979 979 979 980 980 980 981 982 982 983 983 983 983 984 984 984 984 985 985 985 986 986 986 987 987 988 988 988 989 989 989 989 989 990 990 990 990 990 990 992 992 992 992 992 992 993 993 993 993 994 994 994 994 995 995 995 995 995 995 995 995 995 996 996 996 996 996 996 997 997 997 997 998 998 998 998 999 999 999 

